'''
1-FUNDO
2-PRATO
3-ALFACE
'''
#alface
[41.503285, 18.960436, 4.037250, 0.018667, 1]
[67.213227, 35.454285, 15.603915, 0.067333, 1]
[77.384691, 47.801022, 29.947809, 0.096333, 1]
[91.131713, 58.987762, 39.869607, 0.123833, 1]
[74.309789, 42.519012, 22.980532, 0.112000, 1]
[54.316306, 27.364893, 9.059270, 0.078000, 1]
[185.090431, 192.729647, 190.841621, 0.543667, 2]
[190.129634, 200.229866, 200.932200, 0.574667, 2]
[54.309700, 25.709151, 9.577689, 0.063000, 1]
[73.996671, 130.528198, 23.780504, 0.327333, 3]
[84.702501, 51.896153, 43.604651, 0.171333, 1]
[75.568613, 40.897080, 25.129567, 0.085833, 1]
[145.920004, 176.201724, 116.699097, 0.400000, 3]
[196.384289, 197.639893, 206.235213, 0.530833, 2]
[95.259892, 62.941128, 52.856611, 0.183000, 1]
[86.054420, 146.630186, 32.533213, 0.366833, 3]
[193.111284, 202.107156, 204.764633, 0.503000, 2]
[111.055541, 144.312631, 64.735294, 0.268833, 3]
[62.556568, 30.392130, 14.452899, 0.058167, 1]
[56.320392, 27.810602, 13.395778, 0.086000, 1]
[185.656525, 195.223393, 197.234054, 0.504333, 2]
[96.620861, 149.391608, 42.238942, 0.350333, 3]
[183.170915, 183.190183, 191.545061, 0.472667, 2]
[56.488741, 28.902543, 14.982308, 0.316500, 1]
[55.961508, 27.151343, 10.551922, 0.044167, 1]
[189.719662, 194.994384, 198.875753, 0.527000, 2]
[35.735682, 16.126661, 3.557686, 0.030833, 1]
[69.265893, 39.148572, 21.455235, 0.134667, 1]
[181.447418, 187.852689, 191.966282, 0.492833, 2]
[37.813754, 17.572563, 4.947115, 0.047667, 1]
[69.057311, 37.691082, 21.860204, 0.124000, 1]
[43.854201, 20.231390, 5.759756, 0.029500, 1]
[70.897211, 36.604984, 18.553589, 0.055000, 1]
[84.068289, 50.687758, 35.890855, 0.117500, 1]
[74.562286, 38.509205, 19.819259, 0.082500, 1]
[50.195343, 24.068710, 5.805672, 0.058667, 1]
[181.755756, 187.749443, 196.572852, 0.503667, 2]
[180.073628, 184.326351, 194.848523, 0.478833, 2]
[179.500225, 186.467102, 195.646124, 0.471500, 2]
[75.305031, 38.222135, 21.985075, 0.076667, 1]
[68.719925, 31.738263, 14.059156, 0.063000, 1]
[180.288618, 195.986341, 201.618699, 0.502333, 2]
[180.126774, 181.459258, 193.549140, 0.478333, 2]
[61.259003, 28.051003, 10.746777, 0.069500, 1]
[179.535973, 198.503701, 203.389415, 0.517833, 2]
[138.786354, 173.522873, 81.676757, 0.384333, 3]
[179.469661, 185.545233, 195.458012, 0.475500, 2]
[53.427640, 22.101304, 5.972236, 0.057833, 1]
[91.246346, 151.238165, 30.423226, 0.323167, 3]
[184.970550, 198.968132, 206.263581, 0.506167, 2]
[76.419761, 36.182843, 17.145406, 0.111167, 1]
[60.299693, 28.297147, 10.754155, 0.113333, 1]
[176.086800, 177.170195, 188.306216, 0.503000, 2]
[176.299110, 183.619132, 188.285261, 0.462333, 2]
[177.315981, 186.337062, 194.717222, 0.510667, 2]
[178.808817, 189.724429, 194.596162, 0.469167, 2]
[42.811107, 18.982123, 4.845160, 0.041167, 1]
[40.374774, 19.576136, 5.327799, 0.054167, 1]
[73.758159, 39.565268, 18.482607, 0.142000, 1]
[71.761467, 34.243154, 14.106759, 0.231500, 1]
[44.475212, 23.144935, 5.532187, 0.036000, 1]
[70.766704, 37.857461, 16.218611, 0.070333, 1]
[83.165622, 51.563198, 32.901253, 0.106833, 1]
[73.361590, 37.643639, 13.791523, 0.087333, 1]
[51.455553, 27.113500, 5.344420, 0.081667, 1]
[179.650823, 185.232310, 193.074111, 0.439167, 2]
[178.782952, 182.863239, 192.652987, 0.492833, 2]
[78.156387, 41.404589, 22.845148, 0.077500, 1]
[178.101759, 185.462614, 193.838423, 0.459167, 2]
[180.456481, 193.442361, 199.376317, 0.583500, 2]
[71.204209, 34.928120, 15.075452, 0.065500, 1]
[174.272594, 180.323455, 178.185111, 0.470667, 2]
[177.834840, 197.529692, 201.953735, 0.511167, 2]
[178.743595, 185.564417, 194.474617, 0.468333, 2]
[117.859748, 165.450974, 41.951235, 0.384167, 3]
[65.039430, 31.712390, 11.493015, 0.078500, 1]
[55.274462, 24.519532, 5.422127, 0.052167, 1]
[85.083756, 148.720037, 27.648753, 0.298167, 3]
[179.122321, 194.255291, 196.749301, 0.509667, 2]
[75.398796, 36.721973, 14.755759, 0.102833, 1]
[175.020385, 176.846634, 188.132146, 0.495833, 2]
[63.031201, 31.273623, 10.251862, 0.132833, 1]
[176.163186, 183.879350, 188.865816, 0.502667, 2]
[44.103900, 21.953274, 4.671914, 0.049167, 1]
[176.501857, 187.203537, 191.861882, 0.489000, 2]
[42.984107, 23.282631, 5.335195, 0.058500, 1]
[173.152932, 178.790139, 187.102046, 0.496000, 2]
[70.798368, 39.013742, 14.920487, 0.138500, 1]
[74.640975, 38.961839, 15.791997, 0.118333, 1]


#cenoura
[30.582518, 17.736652, 3.445984, 0.022167, 1]
[52.425561, 29.322063, 7.490853, 0.042833, 1]
[72.752015, 46.180914, 25.115235, 0.092167, 1]
[72.075758, 42.684803, 22.374426, 0.089333, 1]
[60.066788, 31.887044, 11.622091, 0.070167, 1]
[36.626038, 21.163086, 5.501953, 0.051667, 1]
[178.460987, 184.241321, 187.991647, 0.462667, 2]
[178.391350, 181.424974, 188.103859, 0.461333, 2]
[181.730976, 176.340299, 174.884391, 0.479833, 2]
[77.106995, 51.284503, 37.285507, 0.130833, 1]
[73.755766, 53.974475, 40.507947, 0.060333, 1]
[45.142137, 24.014618, 6.591612, 0.058167, 1]
[185.522617, 173.740567, 174.213735, 0.475833, 2]
[189.618318, 193.604095, 201.430603, 0.491333, 2]
[60.397760, 32.343370, 13.941401, 0.070833, 1]
[57.703056, 28.855665, 10.146699, 0.073333, 1]
[85.515938, 56.796897, 46.417772, 0.387833, 1]
[207.413790, 86.071923, 21.745053, 0.181000, 4]
[73.575497, 41.702931, 24.556580, 0.136000, 1]
[189.125203, 189.059972, 196.836924, 0.547500, 2]
[68.220272, 37.170021, 19.065530, 0.110333, 1]
[182.930771, 185.787520, 190.882297, 0.428833, 2]
[183.594032, 186.332556, 191.350993, 0.532333, 2]
[44.394511, 24.670440, 5.117038, 0.058000, 1]
[46.194089, 28.214017, 5.278573, 0.062000, 1]
[72.486412, 42.095246, 19.500857, 0.127167, 1]
[72.395558, 42.214574, 18.545274, 0.186333, 1]
[90.474555, 59.121501, 39.436069, 0.259667, 1]
[33.682979, 17.092184, 2.487158, 0.020667, 1]
[54.198066, 27.773817, 6.504249, 0.038333, 1]
[76.082203, 50.321768, 35.284830, 0.075667, 1]
[67.763269, 36.336128, 16.708926, 0.070333, 1]
[36.137645, 18.066493, 3.195607, 0.054167, 1]
[179.453981, 184.669873, 190.030530, 0.607000, 2]
[177.691206, 174.257664, 176.239622, 0.463000, 2]
[177.978126, 180.695987, 185.334212, 0.567667, 2]
[49.378386, 23.553515, 5.630113, 0.056333, 1]
[69.568439, 38.213506, 20.032046, 0.130167, 1]
[47.130994, 21.312179, 4.157624, 0.051500, 1]
[172.695738, 166.659331, 174.707191, 0.378667, 2]
[178.823872, 179.823177, 183.867774, 0.460000, 2]
[205.109810, 90.819812, 28.609742, 0.172500, 4]
[182.596254, 184.735562, 192.625130, 0.483833, 2]
[57.010592, 25.451364, 7.216703, 0.058833, 1]
[63.616645, 30.554319, 10.843752, 0.075167, 1]
[75.320790, 40.795197, 22.488367, 0.343833, 1]
[68.265985, 34.624698, 14.640244, 0.135500, 1]
[182.475968, 188.033407, 192.502944, 0.524333, 2]
[189.904991, 196.567757, 203.512232, 0.581167, 2]
[183.124434, 181.212577, 189.752468, 0.465667, 2]
[184.365759, 188.673431, 194.350083, 0.538667, 2]
[57.691106, 29.835462, 6.789738, 0.067667, 1]
[46.817287, 23.008668, 3.349328, 0.051333, 1]
[77.758012, 44.011852, 20.511133, 0.200333, 1]
[72.950854, 40.698508, 17.027339, 0.137667, 1]
[95.535777, 62.430867, 44.521246, 0.215333, 1]
[27.317614, 10.116768, 2.772879, 0.005167, 1]
[49.540215, 22.140335, 5.854535, 0.036333, 1]
[74.213455, 44.562755, 30.213058, 0.069333, 1]
[65.944765, 37.618048, 28.612024, 0.087667, 1]
[31.121043, 12.875161, 4.520627, 0.046167, 1]
[178.021669, 181.450227, 186.345299, 0.472500, 2]
[190.540715, 180.659574, 179.934000, 0.513667, 2]
[53.459944, 25.192751, 13.735154, 0.049500, 1]
[180.490050, 177.037371, 187.811893, 0.461667, 2]
[178.748754, 182.005660, 187.377642, 0.467000, 2]
[73.856456, 40.480517, 25.989983, 0.092667, 1]
[39.591329, 15.644684, 4.162278, 0.040167, 1]
[49.482728, 22.639848, 12.094260, 0.051167, 1]
[56.943430, 24.663100, 10.186067, 0.051000, 1]
[200.324698, 88.567083, 32.446928, 0.201167, 4]
[182.632704, 187.274219, 192.753466, 0.494667, 2]
[182.918588, 178.954678, 187.782518, 0.338667, 2]
[86.537027, 51.963545, 39.349859, 0.181167, 1]
[58.149341, 26.263745, 12.760744, 0.069500, 1]
[185.809479, 191.709945, 197.482322, 0.537333, 2]
[62.538352, 28.826437, 14.816301, 0.093667, 1]
[184.958547, 181.617555, 188.153355, 0.522500, 2]
[184.861025, 187.641973, 193.226015, 0.553333, 2]
[39.188606, 16.234974, 3.824085, 0.041833, 1]
[48.510289, 22.154215, 6.455805, 0.048500, 1]
[67.943503, 35.094500, 17.594862, 0.160500, 1]
[69.814348, 36.888735, 19.019791, 0.098667, 1]
[85.579592, 52.944232, 36.655125, 0.271333, 1]
#beterraba e testes sem fundo e prato
[64.492252, 35.600200, 50.440185, 0.135500, 5]
[69.521858, 37.247058, 52.306379, 0.290333, 5]
[71.522669, 39.097084, 52.465774, 0.252667, 5]
[52.734391, 17.723732, 29.327242, 0.040667, 5]
[194.771436, 92.752553, 36.666981, 0.231833, 4]
[115.413294, 147.041222, 61.404014, 0.349833, 3]
[77.063549, 134.366082, 33.619573, 0.294000, 3]
[98.922393, 154.752406, 47.555527, 0.312333, 3]
