#alface 1
fundo = [0, 1, 2, 3, 4, 7, 10, 15, 16, 19, 21, 23, 25, 27, 28]
prato = [5, 6, 8, 9, 11, 12, 13, 18, 20, 22, 24, 26]
alimento = [14, 17]

#alface 2
fundo = [0, 1, 2, 3, 4, 8, 9, 12, 16, 19, 20, 25, 26, 27 , 28]
prato = [5, 6, 7, 10, 11, 13, 15, 18, 21, 22, 23, 24]
alimento = [14, 17]

#alface 3
fundo = [0, 1, 2, 3 ,4 ,5, 8, 10, 11, 14, 18, 19, 23, 24, 26, 27, 29, 30]
prato = [6, 7, 13, 14, 16, 20, 22, 25, 28]
alimento = [9, 12, 15, 17, 21]

#cenoura 1
fundo = [0, 1, 2, 3, 4, 5, 9, 10, 11, 14, 15, 16, 18, 20, 23, 24, 25, 26, 27]
prato = [6, 7, 8, 12, 13, 19, 21, 22]
alimento = [17]

#cenoura 2
fundo = [0, 1, 2, 3, 4, 8, 9, 10,  15, 16, 17, 18, 23, 24, 25, 26, 27]
prato = [5, 6, 7, 11, 12, 14, 19, 20, 21, 22]
alimento = [13

#cenoura 3
fundo = [0, 1, 2, 3, 4, 7, 10, 11, 12, 13, 17, 18, 20, 23, 24, 25, 26, 27]
prato = [5, 6, 8, 9, 15, 16, 19, 21, 22]
alimento = [14]

#beterraba
alimento = [16]
